onset	duration	sample	type	value
0	n/a	1	STATUS	61440
0	n/a	1	Epoch	n/a
0	n/a	1	CM_in_range	n/a
0.234375	n/a	121	STATUS	61694
1.734375	n/a	889	STATUS	61450
3.234375	n/a	1657	STATUS	61463
3.6015625	n/a	1845	STATUS	61471
3.876953125	n/a	1986	STATUS	61472
4.609375	n/a	2361	STATUS	61480
5.6171875	n/a	2877	STATUS	61490
7.1171875	n/a	3645	STATUS	61501
7.884765625	n/a	4038	STATUS	61510
8.134765625	n/a	4166	STATUS	61450
9.634765625	n/a	4934	STATUS	61463
10.001953125	n/a	5122	STATUS	61471
10.27734375	n/a	5263	STATUS	61472
11.009765625	n/a	5638	STATUS	61480
12.017578125	n/a	6154	STATUS	61490
13.310546875	n/a	6816	STATUS	61500
14.02734375	n/a	7183	STATUS	61510
14.27734375	n/a	7311	STATUS	61450
15.77734375	n/a	8079	STATUS	61463
16.14453125	n/a	8267	STATUS	61471
16.41796875	n/a	8407	STATUS	61472
17.15234375	n/a	8783	STATUS	61480
18.16015625	n/a	9299	STATUS	61490
19.578125	n/a	10025	STATUS	61501
20.361328125	n/a	10426	STATUS	61510
20.611328125	n/a	10554	STATUS	61450
22.111328125	n/a	11322	STATUS	61463
22.478515625	n/a	11510	STATUS	61471
22.751953125	n/a	11650	STATUS	61472
23.486328125	n/a	12026	STATUS	61480
24.494140625	n/a	12542	STATUS	61490
25.626953125	n/a	13122	STATUS	61501
26.38671875	n/a	13511	STATUS	61510
26.63671875	n/a	13639	STATUS	61450
28.13671875	n/a	14407	STATUS	61468
28.50390625	n/a	14595	STATUS	61471
29.236328125	n/a	14970	STATUS	61472
29.51171875	n/a	15111	STATUS	61480
30.51953125	n/a	15627	STATUS	61490
31.63671875	n/a	16199	STATUS	61501
32.486328125	n/a	16634	STATUS	61511
32.736328125	n/a	16762	STATUS	61450
34.236328125	n/a	17530	STATUS	61468
34.603515625	n/a	17718	STATUS	61471
35.3359375	n/a	18093	STATUS	61472
35.611328125	n/a	18234	STATUS	61480
36.62109375	n/a	18751	STATUS	61490
37.603515625	n/a	19254	STATUS	61501
38.294921875	n/a	19608	STATUS	61511
38.544921875	n/a	19736	STATUS	61450
40.044921875	n/a	20504	STATUS	61463
40.412109375	n/a	20692	STATUS	61471
40.6875	n/a	20833	STATUS	61472
41.419921875	n/a	21208	STATUS	61480
42.4296875	n/a	21725	STATUS	61490
43.5546875	n/a	22301	STATUS	61501
44.205078125	n/a	22634	STATUS	61510
44.455078125	n/a	22762	STATUS	61450
45.955078125	n/a	23530	STATUS	61468
46.3203125	n/a	23717	STATUS	61471
47.0546875	n/a	24093	STATUS	61472
47.330078125	n/a	24234	STATUS	61480
48.337890625	n/a	24750	STATUS	61490
49.546875	n/a	25369	STATUS	61501
50.205078125	n/a	25706	STATUS	61511
50.455078125	n/a	25834	STATUS	61450
51.955078125	n/a	26602	STATUS	61468
52.322265625	n/a	26790	STATUS	61471
53.0546875	n/a	27165	STATUS	61472
53.330078125	n/a	27306	STATUS	61480
54.337890625	n/a	27822	STATUS	61490
55.23046875	n/a	28279	STATUS	61501
55.779296875	n/a	28560	STATUS	61511
56.029296875	n/a	28688	STATUS	61450
57.529296875	n/a	29456	STATUS	61463
57.896484375	n/a	29644	STATUS	61471
58.171875	n/a	29785	STATUS	61472
58.90625	n/a	30161	STATUS	61480
59.9140625	n/a	30677	STATUS	61490
61.013671875	n/a	31240	STATUS	61501
61.564453125	n/a	31522	STATUS	61510
61.814453125	n/a	31650	STATUS	61450
63.314453125	n/a	32418	STATUS	61463
63.681640625	n/a	32606	STATUS	61471
63.955078125	n/a	32746	STATUS	61472
64.689453125	n/a	33122	STATUS	61480
65.697265625	n/a	33638	STATUS	61490
66.947265625	n/a	34278	STATUS	61501
67.580078125	n/a	34602	STATUS	61510
67.830078125	n/a	34730	STATUS	61450
69.33203125	n/a	35499	STATUS	61468
69.697265625	n/a	35686	STATUS	61471
70.431640625	n/a	36062	STATUS	61472
70.70703125	n/a	36203	STATUS	61480
71.71484375	n/a	36719	STATUS	61490
72.85546875	n/a	37303	STATUS	61500
73.439453125	n/a	37602	STATUS	61510
73.689453125	n/a	37730	STATUS	61450
75.189453125	n/a	38498	STATUS	61463
75.556640625	n/a	38686	STATUS	61471
75.83203125	n/a	38827	STATUS	61472
76.564453125	n/a	39202	STATUS	61480
77.57421875	n/a	39719	STATUS	61490
78.689453125	n/a	40290	STATUS	61500
79.373046875	n/a	40640	STATUS	61510
79.623046875	n/a	40768	STATUS	61450
81.123046875	n/a	41536	STATUS	61463
81.490234375	n/a	41724	STATUS	61471
81.765625	n/a	41865	STATUS	61472
82.498046875	n/a	42240	STATUS	61480
83.5078125	n/a	42757	STATUS	61490
85.0234375	n/a	43533	STATUS	61501
85.58984375	n/a	43823	STATUS	61510
85.83984375	n/a	43951	STATUS	61450
87.341796875	n/a	44720	STATUS	61463
87.70703125	n/a	44907	STATUS	61471
87.982421875	n/a	45048	STATUS	61472
88.716796875	n/a	45424	STATUS	61480
89.724609375	n/a	45940	STATUS	61490
90.216796875	n/a	46192	STATUS	61501
91.291015625	n/a	46742	STATUS	61511
91.541015625	n/a	46870	STATUS	61450
93.041015625	n/a	47638	STATUS	61463
93.408203125	n/a	47826	STATUS	61471
93.68359375	n/a	47967	STATUS	61472
94.416015625	n/a	48342	STATUS	61480
95.42578125	n/a	48859	STATUS	61490
96.5	n/a	49409	STATUS	61501
97.42578125	n/a	49883	STATUS	61510
97.67578125	n/a	50011	STATUS	61450
99.17578125	n/a	50779	STATUS	61463
99.541015625	n/a	50966	STATUS	61471
99.81640625	n/a	51107	STATUS	61472
100.55078125	n/a	51483	STATUS	61480
101.55859375	n/a	51999	STATUS	61490
102.458984375	n/a	52460	STATUS	61500
103.234375	n/a	52857	STATUS	61511
103.484375	n/a	52985	STATUS	61450
104.984375	n/a	53753	STATUS	61463
105.3515625	n/a	53941	STATUS	61471
105.625	n/a	54081	STATUS	61472
106.359375	n/a	54457	STATUS	61480
107.3671875	n/a	54973	STATUS	61490
108.568359375	n/a	55588	STATUS	61501
109.193359375	n/a	55908	STATUS	61511
109.443359375	n/a	56036	STATUS	61450
110.943359375	n/a	56804	STATUS	61463
111.30859375	n/a	56991	STATUS	61471
111.583984375	n/a	57132	STATUS	61472
112.318359375	n/a	57508	STATUS	61480
113.326171875	n/a	58024	STATUS	61490
114.359375	n/a	58553	STATUS	61500
114.884765625	n/a	58822	STATUS	61511
115.134765625	n/a	58950	STATUS	61450
116.634765625	n/a	59718	STATUS	61463
117.001953125	n/a	59906	STATUS	61471
117.27734375	n/a	60047	STATUS	61472
118.009765625	n/a	60422	STATUS	61480
119.017578125	n/a	60938	STATUS	61490
120.392578125	n/a	61642	STATUS	61501
120.994140625	n/a	61950	STATUS	61510
121.244140625	n/a	62078	STATUS	61450
122.744140625	n/a	62846	STATUS	61468
123.109375	n/a	63033	STATUS	61471
123.84375	n/a	63409	STATUS	61472
124.119140625	n/a	63550	STATUS	61480
125.126953125	n/a	64066	STATUS	61490
126.14453125	n/a	64587	STATUS	61501
126.71875	n/a	64881	STATUS	61510
126.96875	n/a	65009	STATUS	61450
128.46875	n/a	65777	STATUS	61463
128.8359375	n/a	65965	STATUS	61471
129.111328125	n/a	66106	STATUS	61472
129.84375	n/a	66481	STATUS	61480
130.853515625	n/a	66998	STATUS	61490
132.060546875	n/a	67616	STATUS	61501
132.927734375	n/a	68060	STATUS	61510
133.177734375	n/a	68188	STATUS	61450
134.677734375	n/a	68956	STATUS	61468
135.044921875	n/a	69144	STATUS	61471
135.77734375	n/a	69519	STATUS	61472
136.052734375	n/a	69660	STATUS	61480
137.060546875	n/a	70176	STATUS	61490
138.203125	n/a	70761	STATUS	61501
138.728515625	n/a	71030	STATUS	61511
138.978515625	n/a	71158	STATUS	61450
140.478515625	n/a	71926	STATUS	61463
140.845703125	n/a	72114	STATUS	61471
141.119140625	n/a	72254	STATUS	61472
141.853515625	n/a	72630	STATUS	61480
142.861328125	n/a	73146	STATUS	61490
143.87890625	n/a	73667	STATUS	61501
144.4453125	n/a	73957	STATUS	61511
144.6953125	n/a	74085	STATUS	61450
146.1953125	n/a	74853	STATUS	61463
146.5625	n/a	75041	STATUS	61471
146.837890625	n/a	75182	STATUS	61472
147.5703125	n/a	75557	STATUS	61480
148.578125	n/a	76073	STATUS	61490
149.62890625	n/a	76611	STATUS	61501
150.337890625	n/a	76974	STATUS	61510
150.587890625	n/a	77102	STATUS	61450
152.087890625	n/a	77870	STATUS	61463
152.455078125	n/a	78058	STATUS	61471
152.728515625	n/a	78198	STATUS	61472
153.462890625	n/a	78574	STATUS	61480
154.470703125	n/a	79090	STATUS	61490
155.521484375	n/a	79628	STATUS	61500
156.013671875	n/a	79880	STATUS	61510
156.263671875	n/a	80008	STATUS	61450
157.763671875	n/a	80776	STATUS	61463
158.12890625	n/a	80963	STATUS	61471
158.404296875	n/a	81104	STATUS	61472
159.138671875	n/a	81480	STATUS	61480
160.146484375	n/a	81996	STATUS	61490
161.421875	n/a	82649	STATUS	61501
162.087890625	n/a	82990	STATUS	61510
162.337890625	n/a	83118	STATUS	61450
163.837890625	n/a	83886	STATUS	61468
164.205078125	n/a	84074	STATUS	61471
164.939453125	n/a	84450	STATUS	61472
165.212890625	n/a	84590	STATUS	61480
166.22265625	n/a	85107	STATUS	61490
167.40625	n/a	85713	STATUS	61501
167.9296875	n/a	85981	STATUS	61511
168.1796875	n/a	86109	STATUS	61450
169.6796875	n/a	86877	STATUS	61463
170.046875	n/a	87065	STATUS	61471
170.322265625	n/a	87206	STATUS	61472
171.0546875	n/a	87581	STATUS	61480
172.064453125	n/a	88098	STATUS	61490
173.34765625	n/a	88755	STATUS	61500
173.78125	n/a	88977	STATUS	61510
174.03125	n/a	89105	STATUS	61450
175.53125	n/a	89873	STATUS	61468
175.8984375	n/a	90061	STATUS	61471
176.630859375	n/a	90436	STATUS	61472
176.90625	n/a	90577	STATUS	61480
177.9140625	n/a	91093	STATUS	61490
179.064453125	n/a	91682	STATUS	61501
179.6484375	n/a	91981	STATUS	61511
179.8984375	n/a	92109	STATUS	61450
181.3984375	n/a	92877	STATUS	61463
181.765625	n/a	93065	STATUS	61471
182.0390625	n/a	93205	STATUS	61472
182.7734375	n/a	93581	STATUS	61480
183.78125	n/a	94097	STATUS	61490
184.939453125	n/a	94690	STATUS	61501
185.431640625	n/a	94942	STATUS	61510
185.681640625	n/a	95070	STATUS	61450
187.181640625	n/a	95838	STATUS	61463
187.548828125	n/a	96026	STATUS	61471
187.82421875	n/a	96167	STATUS	61472
188.556640625	n/a	96542	STATUS	61480
189.564453125	n/a	97058	STATUS	61490
190.57421875	n/a	97575	STATUS	61501
191.2578125	n/a	97925	STATUS	61510
191.5078125	n/a	98053	STATUS	61450
193.0078125	n/a	98821	STATUS	61468
193.375	n/a	99009	STATUS	61471
194.107421875	n/a	99384	STATUS	61472
194.3828125	n/a	99525	STATUS	61480
195.390625	n/a	100041	STATUS	61490
196.408203125	n/a	100562	STATUS	61501
196.841796875	n/a	100784	STATUS	61510
197.091796875	n/a	100912	STATUS	61450
198.591796875	n/a	101680	STATUS	61468
198.95703125	n/a	101867	STATUS	61471
199.69140625	n/a	102243	STATUS	61472
199.966796875	n/a	102384	STATUS	61480
200.974609375	n/a	102900	STATUS	61490
201.31640625	n/a	103075	STATUS	61501
202.841796875	n/a	103856	STATUS	61510
203.091796875	n/a	103984	STATUS	61450
204.591796875	n/a	104752	STATUS	61463
204.958984375	n/a	104940	STATUS	61471
205.232421875	n/a	105080	STATUS	61472
205.966796875	n/a	105456	STATUS	61480
206.974609375	n/a	105972	STATUS	61490
208.30078125	n/a	106651	STATUS	61500
208.951171875	n/a	106984	STATUS	61510
209.201171875	n/a	107112	STATUS	61450
210.701171875	n/a	107880	STATUS	61463
211.06640625	n/a	108067	STATUS	61471
211.341796875	n/a	108208	STATUS	61472
212.076171875	n/a	108584	STATUS	61480
213.083984375	n/a	109100	STATUS	61490
214.392578125	n/a	109770	STATUS	61501
215.158203125	n/a	110162	STATUS	61510
215.408203125	n/a	110290	STATUS	61450
216.91015625	n/a	111059	STATUS	61468
217.275390625	n/a	111246	STATUS	61471
218.009765625	n/a	111622	STATUS	61472
218.28515625	n/a	111763	STATUS	61480
219.29296875	n/a	112279	STATUS	61490
220.55078125	n/a	112923	STATUS	61500
221.1015625	n/a	113205	STATUS	61511
221.3515625	n/a	113333	STATUS	61450
222.8515625	n/a	114101	STATUS	61463
223.21875	n/a	114289	STATUS	61471
223.4921875	n/a	114429	STATUS	61472
224.2265625	n/a	114805	STATUS	61480
225.234375	n/a	115321	STATUS	61490
226.443359375	n/a	115940	STATUS	61501
226.876953125	n/a	116162	STATUS	61511
227.126953125	n/a	116290	STATUS	61450
228.626953125	n/a	117058	STATUS	61468
228.994140625	n/a	117246	STATUS	61471
229.7265625	n/a	117621	STATUS	61472
230.001953125	n/a	117762	STATUS	61480
231.009765625	n/a	118278	STATUS	61490
232.04296875	n/a	118807	STATUS	61500
232.619140625	n/a	119102	STATUS	61510
240.03515625	n/a	122899	STATUS	61694
241.53515625	n/a	123667	STATUS	61450
243.037109375	n/a	124436	STATUS	61463
243.40234375	n/a	124623	STATUS	61471
243.677734375	n/a	124764	STATUS	61472
244.412109375	n/a	125140	STATUS	61480
245.419921875	n/a	125656	STATUS	61490
246.828125	n/a	126377	STATUS	61500
247.802734375	n/a	126876	STATUS	61510
248.052734375	n/a	127004	STATUS	61450
249.552734375	n/a	127772	STATUS	61463
249.919921875	n/a	127960	STATUS	61471
250.1953125	n/a	128101	STATUS	61472
250.927734375	n/a	128476	STATUS	61480
251.9375	n/a	128993	STATUS	61490
253.986328125	n/a	130042	STATUS	61500
260.63671875	n/a	133447	STATUS	61510
260.88671875	n/a	133575	STATUS	61450
262.388671875	n/a	134344	STATUS	61463
262.75390625	n/a	134531	STATUS	61471
263.029296875	n/a	134672	STATUS	61472
263.763671875	n/a	135048	STATUS	61480
264.771484375	n/a	135564	STATUS	61490
265.921875	n/a	136153	STATUS	61501
266.587890625	n/a	136494	STATUS	61510
266.837890625	n/a	136622	STATUS	61450
268.337890625	n/a	137390	STATUS	61463
268.705078125	n/a	137578	STATUS	61471
268.98046875	n/a	137719	STATUS	61472
269.712890625	n/a	138094	STATUS	61480
270.720703125	n/a	138610	STATUS	61490
272.3046875	n/a	139421	STATUS	61501
272.888671875	n/a	139720	STATUS	61510
273.138671875	n/a	139848	STATUS	61450
274.638671875	n/a	140616	STATUS	61463
275.005859375	n/a	140804	STATUS	61471
275.28125	n/a	140945	STATUS	61472
276.013671875	n/a	141320	STATUS	61480
277.021484375	n/a	141836	STATUS	61490
278.4140625	n/a	142549	STATUS	61501
279.072265625	n/a	142886	STATUS	61510
279.322265625	n/a	143014	STATUS	61450
280.822265625	n/a	143782	STATUS	61468
281.189453125	n/a	143970	STATUS	61471
281.921875	n/a	144345	STATUS	61472
282.197265625	n/a	144486	STATUS	61480
283.205078125	n/a	145002	STATUS	61490
284.53125	n/a	145681	STATUS	61501
285.48046875	n/a	146167	STATUS	61510
285.73046875	n/a	146295	STATUS	61450
287.23046875	n/a	147063	STATUS	61463
287.59765625	n/a	147251	STATUS	61471
287.873046875	n/a	147392	STATUS	61472
288.60546875	n/a	147767	STATUS	61480
289.615234375	n/a	148284	STATUS	61490
290.880859375	n/a	148932	STATUS	61501
291.46484375	n/a	149231	STATUS	61510
291.71484375	n/a	149359	STATUS	61450
293.21484375	n/a	150127	STATUS	61468
293.58203125	n/a	150315	STATUS	61471
294.314453125	n/a	150690	STATUS	61472
294.58984375	n/a	150831	STATUS	61480
295.59765625	n/a	151347	STATUS	61490
296.673828125	n/a	151898	STATUS	61501
297.556640625	n/a	152350	STATUS	61511
297.806640625	n/a	152478	STATUS	61450
299.306640625	n/a	153246	STATUS	61463
299.673828125	n/a	153434	STATUS	61471
299.94921875	n/a	153575	STATUS	61472
300.681640625	n/a	153950	STATUS	61480
301.69140625	n/a	154467	STATUS	61490
302.8828125	n/a	155077	STATUS	61501
303.44921875	n/a	155367	STATUS	61510
303.69921875	n/a	155495	STATUS	61450
305.19921875	n/a	156263	STATUS	61463
305.56640625	n/a	156451	STATUS	61471
305.841796875	n/a	156592	STATUS	61472
306.57421875	n/a	156967	STATUS	61480
307.58203125	n/a	157483	STATUS	61490
308.8828125	n/a	158149	STATUS	61500
309.43359375	n/a	158431	STATUS	61510
309.68359375	n/a	158559	STATUS	61450
311.18359375	n/a	159327	STATUS	61463
311.55078125	n/a	159515	STATUS	61471
311.82421875	n/a	159655	STATUS	61472
312.55859375	n/a	160031	STATUS	61480
313.56640625	n/a	160547	STATUS	61490
314.716796875	n/a	161136	STATUS	61500
315.19140625	n/a	161379	STATUS	61511
315.44140625	n/a	161507	STATUS	61450
316.94140625	n/a	162275	STATUS	61468
317.30859375	n/a	162463	STATUS	61471
318.041015625	n/a	162838	STATUS	61472
318.31640625	n/a	162979	STATUS	61480
319.326171875	n/a	163496	STATUS	61490
320.349609375	n/a	164020	STATUS	61501
320.875	n/a	164289	STATUS	61510
321.125	n/a	164417	STATUS	61450
322.625	n/a	165185	STATUS	61463
322.9921875	n/a	165373	STATUS	61471
323.267578125	n/a	165514	STATUS	61472
324	n/a	165889	STATUS	61480
325.009765625	n/a	166406	STATUS	61490
325.966796875	n/a	166896	STATUS	61501
326.751953125	n/a	167298	STATUS	61510
327.001953125	n/a	167426	STATUS	61450
328.501953125	n/a	168194	STATUS	61463
328.8671875	n/a	168381	STATUS	61471
329.142578125	n/a	168522	STATUS	61472
329.876953125	n/a	168898	STATUS	61480
330.884765625	n/a	169414	STATUS	61490
332.017578125	n/a	169994	STATUS	61501
332.642578125	n/a	170314	STATUS	61510
332.892578125	n/a	170442	STATUS	61450
334.392578125	n/a	171210	STATUS	61468
334.759765625	n/a	171398	STATUS	61471
335.494140625	n/a	171774	STATUS	61472
335.767578125	n/a	171914	STATUS	61480
336.77734375	n/a	172431	STATUS	61490
338.2265625	n/a	173173	STATUS	61501
338.859375	n/a	173497	STATUS	61511
339.109375	n/a	173625	STATUS	61450
340.611328125	n/a	174394	STATUS	61468
340.9765625	n/a	174581	STATUS	61471
341.7109375	n/a	174957	STATUS	61472
341.986328125	n/a	175098	STATUS	61480
342.994140625	n/a	175614	STATUS	61490
344.953125	n/a	176617	STATUS	61500
345.78515625	n/a	177043	STATUS	61511
346.03515625	n/a	177171	STATUS	61450
347.53515625	n/a	177939	STATUS	61468
347.90234375	n/a	178127	STATUS	61471
348.63671875	n/a	178503	STATUS	61472
348.91015625	n/a	178643	STATUS	61480
349.919921875	n/a	179160	STATUS	61490
350.9609375	n/a	179693	STATUS	61501
351.578125	n/a	180009	STATUS	61511
351.828125	n/a	180137	STATUS	61450
353.328125	n/a	180905	STATUS	61463
353.6953125	n/a	181093	STATUS	61471
353.970703125	n/a	181234	STATUS	61472
354.703125	n/a	181609	STATUS	61480
355.7109375	n/a	182125	STATUS	61490
356.828125	n/a	182697	STATUS	61501
357.4609375	n/a	183021	STATUS	61511
357.7109375	n/a	183149	STATUS	61450
359.2109375	n/a	183917	STATUS	61468
359.578125	n/a	184105	STATUS	61471
360.3125	n/a	184481	STATUS	61472
360.587890625	n/a	184622	STATUS	61480
361.595703125	n/a	185138	STATUS	61490
362.6953125	n/a	185701	STATUS	61501
363.279296875	n/a	186000	STATUS	61511
363.529296875	n/a	186128	STATUS	61450
365.029296875	n/a	186896	STATUS	61468
365.396484375	n/a	187084	STATUS	61471
366.12890625	n/a	187459	STATUS	61472
366.404296875	n/a	187600	STATUS	61480
367.412109375	n/a	188116	STATUS	61490
368.470703125	n/a	188658	STATUS	61501
368.98828125	n/a	188923	STATUS	61511
369.23828125	n/a	189051	STATUS	61450
370.73828125	n/a	189819	STATUS	61463
371.103515625	n/a	190006	STATUS	61471
371.37890625	n/a	190147	STATUS	61472
372.11328125	n/a	190523	STATUS	61480
373.12109375	n/a	191039	STATUS	61490
374.35546875	n/a	191671	STATUS	61501
374.87109375	n/a	191935	STATUS	61510
375.12109375	n/a	192063	STATUS	61450
376.62109375	n/a	192831	STATUS	61463
376.98828125	n/a	193019	STATUS	61471
377.263671875	n/a	193160	STATUS	61472
377.99609375	n/a	193535	STATUS	61480
379.005859375	n/a	194052	STATUS	61490
380.36328125	n/a	194747	STATUS	61501
381.072265625	n/a	195110	STATUS	61511
381.322265625	n/a	195238	STATUS	61450
382.822265625	n/a	196006	STATUS	61463
383.189453125	n/a	196194	STATUS	61471
383.462890625	n/a	196334	STATUS	61472
384.197265625	n/a	196710	STATUS	61480
385.205078125	n/a	197226	STATUS	61490
386.2890625	n/a	197781	STATUS	61501
387.15625	n/a	198225	STATUS	61510
387.40625	n/a	198353	STATUS	61450
388.90625	n/a	199121	STATUS	61463
389.2734375	n/a	199309	STATUS	61471
389.546875	n/a	199449	STATUS	61472
390.28125	n/a	199825	STATUS	61480
391.2890625	n/a	200341	STATUS	61490
392.240234375	n/a	200828	STATUS	61501
392.880859375	n/a	201156	STATUS	61510
393.130859375	n/a	201284	STATUS	61450
394.630859375	n/a	202052	STATUS	61463
394.998046875	n/a	202240	STATUS	61471
395.2734375	n/a	202381	STATUS	61472
396.005859375	n/a	202756	STATUS	61480
397.015625	n/a	203273	STATUS	61490
398.005859375	n/a	203780	STATUS	61501
399.2890625	n/a	204437	STATUS	61510
399.5390625	n/a	204565	STATUS	61450
401.041015625	n/a	205334	STATUS	61468
401.40625	n/a	205521	STATUS	61471
402.140625	n/a	205897	STATUS	61472
402.416015625	n/a	206038	STATUS	61480
403.423828125	n/a	206554	STATUS	61490
404.83984375	n/a	207279	STATUS	61501
406.0234375	n/a	207885	STATUS	61511
406.2734375	n/a	208013	STATUS	61450
407.7734375	n/a	208781	STATUS	61468
408.140625	n/a	208969	STATUS	61471
408.873046875	n/a	209344	STATUS	61472
409.1484375	n/a	209485	STATUS	61480
410.158203125	n/a	210002	STATUS	61490
411.416015625	n/a	210646	STATUS	61501
412.140625	n/a	211017	STATUS	61510
412.390625	n/a	211145	STATUS	61450
413.890625	n/a	211913	STATUS	61463
414.2578125	n/a	212101	STATUS	61471
414.533203125	n/a	212242	STATUS	61472
415.265625	n/a	212617	STATUS	61480
416.275390625	n/a	213134	STATUS	61490
417.19921875	n/a	213607	STATUS	61501
417.716796875	n/a	213872	STATUS	61510
417.966796875	n/a	214000	STATUS	61450
419.466796875	n/a	214768	STATUS	61463
419.833984375	n/a	214956	STATUS	61471
420.107421875	n/a	215096	STATUS	61472
420.841796875	n/a	215472	STATUS	61480
421.849609375	n/a	215988	STATUS	61490
423.109375	n/a	216633	STATUS	61501
423.6171875	n/a	216893	STATUS	61510
423.8671875	n/a	217021	STATUS	61450
425.3671875	n/a	217789	STATUS	61463
425.734375	n/a	217977	STATUS	61471
426.0078125	n/a	218117	STATUS	61472
426.7421875	n/a	218493	STATUS	61480
427.75	n/a	219009	STATUS	61490
428.94140625	n/a	219619	STATUS	61501
429.4921875	n/a	219901	STATUS	61511
429.7421875	n/a	220029	STATUS	61450
431.2421875	n/a	220797	STATUS	61468
431.609375	n/a	220985	STATUS	61471
432.341796875	n/a	221360	STATUS	61472
432.6171875	n/a	221501	STATUS	61480
433.625	n/a	222017	STATUS	61490
434.884765625	n/a	222662	STATUS	61501
435.443359375	n/a	222948	STATUS	61511
435.693359375	n/a	223076	STATUS	61450
437.193359375	n/a	223844	STATUS	61463
437.55859375	n/a	224031	STATUS	61471
437.833984375	n/a	224172	STATUS	61472
438.568359375	n/a	224548	STATUS	61480
439.576171875	n/a	225064	STATUS	61490
440.8671875	n/a	225725	STATUS	61501
441.42578125	n/a	226011	STATUS	61510
441.67578125	n/a	226139	STATUS	61450
443.17578125	n/a	226907	STATUS	61463
443.54296875	n/a	227095	STATUS	61471
443.818359375	n/a	227236	STATUS	61472
444.55078125	n/a	227611	STATUS	61480
445.560546875	n/a	228128	STATUS	61490
446.66015625	n/a	228691	STATUS	61501
447.234375	n/a	228985	STATUS	61510
447.484375	n/a	229113	STATUS	61450
448.986328125	n/a	229882	STATUS	61468
449.3515625	n/a	230069	STATUS	61471
450.0859375	n/a	230445	STATUS	61472
450.361328125	n/a	230586	STATUS	61480
451.369140625	n/a	231102	STATUS	61490
452.634765625	n/a	231750	STATUS	61501
453.302734375	n/a	232092	STATUS	61511
453.552734375	n/a	232220	STATUS	61450
455.052734375	n/a	232988	STATUS	61463
455.419921875	n/a	233176	STATUS	61471
455.693359375	n/a	233316	STATUS	61472
456.427734375	n/a	233692	STATUS	61480
457.435546875	n/a	234208	STATUS	61490
458.77734375	n/a	234895	STATUS	61500
459.51171875	n/a	235271	STATUS	61510
459.76171875	n/a	235399	STATUS	61450
461.26171875	n/a	236167	STATUS	61463
461.62890625	n/a	236355	STATUS	61471
461.90234375	n/a	236495	STATUS	61472
462.63671875	n/a	236871	STATUS	61480
463.64453125	n/a	237387	STATUS	61490
465.037109375	n/a	238100	STATUS	61501
465.62890625	n/a	238403	STATUS	61510
465.87890625	n/a	238531	STATUS	61450
467.37890625	n/a	239299	STATUS	61463
467.74609375	n/a	239487	STATUS	61471
468.01953125	n/a	239627	STATUS	61472
468.75390625	n/a	240003	STATUS	61480
469.76171875	n/a	240519	STATUS	61490
471.26953125	n/a	241291	STATUS	61501
471.912109375	n/a	241620	STATUS	61511
472.162109375	n/a	241748	STATUS	61450
473.662109375	n/a	242516	STATUS	61468
474.029296875	n/a	242704	STATUS	61471
474.76171875	n/a	243079	STATUS	61472
475.037109375	n/a	243220	STATUS	61480
476.044921875	n/a	243736	STATUS	61490
477.337890625	n/a	244398	STATUS	61501
477.87109375	n/a	244671	STATUS	61511
478.12109375	n/a	244799	STATUS	61450
479.62109375	n/a	245567	STATUS	61463
479.98828125	n/a	245755	STATUS	61471
480.263671875	n/a	245896	STATUS	61472
480.99609375	n/a	246271	STATUS	61480
482.00390625	n/a	246787	STATUS	61490
482.912109375	n/a	247252	STATUS	61500
483.970703125	n/a	247794	STATUS	61510
496.623046875	n/a	254272	STATUS	61694
498.123046875	n/a	255040	STATUS	61450
499.623046875	n/a	255808	STATUS	61468
499.990234375	n/a	255996	STATUS	61471
500.72265625	n/a	256371	STATUS	61472
500.998046875	n/a	256512	STATUS	61480
502.005859375	n/a	257028	STATUS	61490
503.380859375	n/a	257732	STATUS	61501
503.97265625	n/a	258035	STATUS	61511
504.22265625	n/a	258163	STATUS	61450
505.72265625	n/a	258931	STATUS	61468
506.08984375	n/a	259119	STATUS	61471
506.822265625	n/a	259494	STATUS	61472
507.09765625	n/a	259635	STATUS	61480
508.107421875	n/a	260152	STATUS	61490
509.2734375	n/a	260749	STATUS	61500
509.83203125	n/a	261035	STATUS	61511
510.08203125	n/a	261163	STATUS	61450
511.58203125	n/a	261931	STATUS	61468
511.94921875	n/a	262119	STATUS	61471
512.681640625	n/a	262494	STATUS	61472
512.95703125	n/a	262635	STATUS	61480
513.96484375	n/a	263151	STATUS	61490
515.232421875	n/a	263800	STATUS	61500
515.806640625	n/a	264094	STATUS	61510
516.056640625	n/a	264222	STATUS	61450
517.556640625	n/a	264990	STATUS	61468
517.923828125	n/a	265178	STATUS	61471
518.658203125	n/a	265554	STATUS	61472
518.931640625	n/a	265694	STATUS	61480
519.94140625	n/a	266211	STATUS	61490
521.18359375	n/a	266847	STATUS	61500
521.7578125	n/a	267141	STATUS	61511
522.0078125	n/a	267269	STATUS	61450
523.5078125	n/a	268037	STATUS	61463
523.875	n/a	268225	STATUS	61471
524.150390625	n/a	268366	STATUS	61472
524.8828125	n/a	268741	STATUS	61480
525.890625	n/a	269257	STATUS	61490
526.791015625	n/a	269718	STATUS	61501
527.32421875	n/a	269991	STATUS	61511
527.57421875	n/a	270119	STATUS	61450
529.07421875	n/a	270887	STATUS	61463
529.44140625	n/a	271075	STATUS	61471
529.716796875	n/a	271216	STATUS	61472
530.44921875	n/a	271591	STATUS	61480
531.458984375	n/a	272108	STATUS	61490
532.416015625	n/a	272598	STATUS	61501
532.908203125	n/a	272850	STATUS	61510
533.158203125	n/a	272978	STATUS	61450
534.658203125	n/a	273746	STATUS	61468
535.025390625	n/a	273934	STATUS	61471
535.7578125	n/a	274309	STATUS	61472
536.033203125	n/a	274450	STATUS	61480
537.04296875	n/a	274967	STATUS	61490
537.392578125	n/a	275146	STATUS	61501
538.451171875	n/a	275688	STATUS	61511
538.701171875	n/a	275816	STATUS	61450
540.201171875	n/a	276584	STATUS	61463
540.568359375	n/a	276772	STATUS	61471
540.841796875	n/a	276912	STATUS	61472
541.576171875	n/a	277288	STATUS	61480
542.583984375	n/a	277804	STATUS	61490
543.4765625	n/a	278261	STATUS	61501
544.234375	n/a	278649	STATUS	61510
544.484375	n/a	278777	STATUS	61450
545.984375	n/a	279545	STATUS	61463
546.3515625	n/a	279733	STATUS	61471
546.626953125	n/a	279874	STATUS	61472
547.359375	n/a	280249	STATUS	61480
548.3671875	n/a	280765	STATUS	61490
549.40234375	n/a	281295	STATUS	61501
550.494140625	n/a	281854	STATUS	61510
550.744140625	n/a	281982	STATUS	61450
552.244140625	n/a	282750	STATUS	61463
552.609375	n/a	282937	STATUS	61471
552.884765625	n/a	283078	STATUS	61472
553.619140625	n/a	283454	STATUS	61480
554.626953125	n/a	283970	STATUS	61490
556.009765625	n/a	284678	STATUS	61501
556.611328125	n/a	284986	STATUS	61510
556.861328125	n/a	285114	STATUS	61450
558.361328125	n/a	285882	STATUS	61463
558.7265625	n/a	286069	STATUS	61471
559.001953125	n/a	286210	STATUS	61472
559.736328125	n/a	286586	STATUS	61480
560.744140625	n/a	287102	STATUS	61490
561.91015625	n/a	287699	STATUS	61501
562.64453125	n/a	288075	STATUS	61510
562.89453125	n/a	288203	STATUS	61450
564.39453125	n/a	288971	STATUS	61463
564.76171875	n/a	289159	STATUS	61471
565.03515625	n/a	289299	STATUS	61472
565.76953125	n/a	289675	STATUS	61480
566.77734375	n/a	290191	STATUS	61490
567.994140625	n/a	290814	STATUS	61500
568.6953125	n/a	291173	STATUS	61510
568.9453125	n/a	291301	STATUS	61450
570.4453125	n/a	292069	STATUS	61468
570.810546875	n/a	292256	STATUS	61471
571.544921875	n/a	292632	STATUS	61472
571.8203125	n/a	292773	STATUS	61480
572.828125	n/a	293289	STATUS	61490
573.912109375	n/a	293844	STATUS	61501
574.486328125	n/a	294138	STATUS	61510
574.736328125	n/a	294266	STATUS	61450
576.236328125	n/a	295034	STATUS	61468
576.603515625	n/a	295222	STATUS	61471
577.337890625	n/a	295598	STATUS	61472
577.611328125	n/a	295738	STATUS	61480
578.62109375	n/a	296255	STATUS	61490
579.787109375	n/a	296852	STATUS	61501
580.720703125	n/a	297330	STATUS	61510
580.970703125	n/a	297458	STATUS	61450
582.470703125	n/a	298226	STATUS	61463
582.837890625	n/a	298414	STATUS	61471
583.11328125	n/a	298555	STATUS	61472
583.845703125	n/a	298930	STATUS	61480
584.853515625	n/a	299446	STATUS	61490
586.537109375	n/a	300308	STATUS	61500
587.263671875	n/a	300680	STATUS	61510
587.513671875	n/a	300808	STATUS	61450
589.013671875	n/a	301576	STATUS	61463
589.37890625	n/a	301763	STATUS	61471
589.654296875	n/a	301904	STATUS	61472
590.388671875	n/a	302280	STATUS	61480
591.396484375	n/a	302796	STATUS	61490
592.5625	n/a	303393	STATUS	61501
593.146484375	n/a	303692	STATUS	61510
593.396484375	n/a	303820	STATUS	61450
594.896484375	n/a	304588	STATUS	61463
595.263671875	n/a	304776	STATUS	61471
595.5390625	n/a	304917	STATUS	61472
596.271484375	n/a	305292	STATUS	61480
597.279296875	n/a	305808	STATUS	61490
598.505859375	n/a	306436	STATUS	61501
599.1796875	n/a	306781	STATUS	61511
599.4296875	n/a	306909	STATUS	61450
600.9296875	n/a	307677	STATUS	61468
601.296875	n/a	307865	STATUS	61471
602.03125	n/a	308241	STATUS	61472
602.3046875	n/a	308381	STATUS	61480
603.314453125	n/a	308898	STATUS	61490
604.84765625	n/a	309683	STATUS	61501
605.498046875	n/a	310016	STATUS	61510
605.748046875	n/a	310144	STATUS	61450
607.248046875	n/a	310912	STATUS	61463
607.615234375	n/a	311100	STATUS	61471
607.888671875	n/a	311240	STATUS	61472
608.623046875	n/a	311616	STATUS	61480
609.630859375	n/a	312132	STATUS	61490
610.7890625	n/a	312725	STATUS	61501
611.5234375	n/a	313101	STATUS	61511
611.7734375	n/a	313229	STATUS	61450
613.2734375	n/a	313997	STATUS	61463
613.640625	n/a	314185	STATUS	61471
613.9140625	n/a	314325	STATUS	61472
614.6484375	n/a	314701	STATUS	61480
615.65625	n/a	315217	STATUS	61490
616.630859375	n/a	315716	STATUS	61501
617.19921875	n/a	316007	STATUS	61511
617.44921875	n/a	316135	STATUS	61450
618.94921875	n/a	316903	STATUS	61468
619.314453125	n/a	317090	STATUS	61471
620.048828125	n/a	317466	STATUS	61472
620.32421875	n/a	317607	STATUS	61480
621.33203125	n/a	318123	STATUS	61490
622.416015625	n/a	318678	STATUS	61500
623.181640625	n/a	319070	STATUS	61511
623.431640625	n/a	319198	STATUS	61450
624.931640625	n/a	319966	STATUS	61463
625.298828125	n/a	320154	STATUS	61471
625.57421875	n/a	320295	STATUS	61472
626.306640625	n/a	320670	STATUS	61480
627.31640625	n/a	321187	STATUS	61490
628.6328125	n/a	321861	STATUS	61501
629.283203125	n/a	322194	STATUS	61511
629.533203125	n/a	322322	STATUS	61450
631.033203125	n/a	323090	STATUS	61463
631.400390625	n/a	323278	STATUS	61471
631.673828125	n/a	323418	STATUS	61472
632.408203125	n/a	323794	STATUS	61480
633.416015625	n/a	324310	STATUS	61490
635.423828125	n/a	325338	STATUS	61501
636.8671875	n/a	326077	STATUS	61510
637.1171875	n/a	326205	STATUS	61450
638.6171875	n/a	326973	STATUS	61463
638.984375	n/a	327161	STATUS	61471
639.2578125	n/a	327301	STATUS	61472
639.9921875	n/a	327677	STATUS	61480
641	n/a	328193	STATUS	61490
642.30859375	n/a	328863	STATUS	61501
642.7578125	n/a	329093	STATUS	61510
643.0078125	n/a	329221	STATUS	61450
644.509765625	n/a	329990	STATUS	61463
644.875	n/a	330177	STATUS	61471
645.150390625	n/a	330318	STATUS	61472
645.884765625	n/a	330694	STATUS	61480
646.892578125	n/a	331210	STATUS	61490
647.80859375	n/a	331679	STATUS	61500
648.30859375	n/a	331935	STATUS	61511
648.55859375	n/a	332063	STATUS	61450
650.05859375	n/a	332831	STATUS	61463
650.42578125	n/a	333019	STATUS	61471
650.701171875	n/a	333160	STATUS	61472
651.43359375	n/a	333535	STATUS	61480
652.443359375	n/a	334052	STATUS	61490
654.310546875	n/a	335008	STATUS	61501
655.05078125	n/a	335387	STATUS	61510
655.30078125	n/a	335515	STATUS	61450
656.80078125	n/a	336283	STATUS	61463
657.16796875	n/a	336471	STATUS	61471
657.443359375	n/a	336612	STATUS	61472
658.17578125	n/a	336987	STATUS	61480
659.185546875	n/a	337504	STATUS	61490
660.435546875	n/a	338144	STATUS	61501
661.02734375	n/a	338447	STATUS	61511
661.27734375	n/a	338575	STATUS	61450
662.77734375	n/a	339343	STATUS	61463
663.14453125	n/a	339531	STATUS	61471
663.41796875	n/a	339671	STATUS	61472
664.15234375	n/a	340047	STATUS	61480
665.16015625	n/a	340563	STATUS	61490
666.0859375	n/a	341037	STATUS	61500
666.71875	n/a	341361	STATUS	61510
666.96875	n/a	341489	STATUS	61450
668.46875	n/a	342257	STATUS	61468
668.8359375	n/a	342445	STATUS	61471
669.568359375	n/a	342820	STATUS	61472
669.84375	n/a	342961	STATUS	61480
670.8515625	n/a	343477	STATUS	61490
672.119140625	n/a	344126	STATUS	61501
672.619140625	n/a	344382	STATUS	61511
672.869140625	n/a	344510	STATUS	61450
674.369140625	n/a	345278	STATUS	61463
674.736328125	n/a	345466	STATUS	61471
675.01171875	n/a	345607	STATUS	61472
675.744140625	n/a	345982	STATUS	61480
676.75390625	n/a	346499	STATUS	61490
677.744140625	n/a	347006	STATUS	61500
678.978515625	n/a	347638	STATUS	61510
679.228515625	n/a	347766	STATUS	61450
680.728515625	n/a	348534	STATUS	61463
681.095703125	n/a	348722	STATUS	61471
681.369140625	n/a	348862	STATUS	61472
682.103515625	n/a	349238	STATUS	61480
683.111328125	n/a	349754	STATUS	61490
684.74609375	n/a	350591	STATUS	61501
685.802734375	n/a	351132	STATUS	61511
686.052734375	n/a	351260	STATUS	61450
687.5546875	n/a	352029	STATUS	61463
687.919921875	n/a	352216	STATUS	61471
688.1953125	n/a	352357	STATUS	61472
688.9296875	n/a	352733	STATUS	61480
689.9375	n/a	353249	STATUS	61490
691.478515625	n/a	354038	STATUS	61501
692.0625	n/a	354337	STATUS	61510
692.3125	n/a	354465	STATUS	61450
693.8125	n/a	355233	STATUS	61468
694.1796875	n/a	355421	STATUS	61471
694.912109375	n/a	355796	STATUS	61472
695.1875	n/a	355937	STATUS	61480
696.1953125	n/a	356453	STATUS	61490
697.546875	n/a	357145	STATUS	61501
698.013671875	n/a	357384	STATUS	61511
698.263671875	n/a	357512	STATUS	61450
699.763671875	n/a	358280	STATUS	61468
700.12890625	n/a	358467	STATUS	61471
700.86328125	n/a	358843	STATUS	61472
701.138671875	n/a	358984	STATUS	61480
702.146484375	n/a	359500	STATUS	61490
702.705078125	n/a	359786	STATUS	61500
703.705078125	n/a	360298	STATUS	61511
703.955078125	n/a	360426	STATUS	61450
705.455078125	n/a	361194	STATUS	61463
705.822265625	n/a	361382	STATUS	61471
706.09765625	n/a	361523	STATUS	61472
706.830078125	n/a	361898	STATUS	61480
707.837890625	n/a	362414	STATUS	61490
708.830078125	n/a	362922	STATUS	61501
709.53125	n/a	363281	STATUS	61510
709.78125	n/a	363409	STATUS	61450
711.28125	n/a	364177	STATUS	61463
711.646484375	n/a	364364	STATUS	61471
711.921875	n/a	364505	STATUS	61472
712.65625	n/a	364881	STATUS	61480
713.6640625	n/a	365397	STATUS	61490
714.748046875	n/a	365952	STATUS	61501
715.580078125	n/a	366378	STATUS	61510
715.830078125	n/a	366506	STATUS	61450
717.33203125	n/a	367275	STATUS	61468
717.697265625	n/a	367462	STATUS	61471
718.431640625	n/a	367838	STATUS	61472
718.70703125	n/a	367979	STATUS	61480
719.71484375	n/a	368495	STATUS	61490
720.873046875	n/a	369088	STATUS	61501
721.564453125	n/a	369442	STATUS	61511
721.814453125	n/a	369570	STATUS	61450
723.314453125	n/a	370338	STATUS	61463
723.681640625	n/a	370526	STATUS	61471
723.95703125	n/a	370667	STATUS	61472
724.689453125	n/a	371042	STATUS	61480
725.69921875	n/a	371559	STATUS	61490
726.78125	n/a	372113	STATUS	61501
727.34765625	n/a	372403	STATUS	61511
727.59765625	n/a	372531	STATUS	61450
729.099609375	n/a	373300	STATUS	61463
729.46484375	n/a	373487	STATUS	61471
729.740234375	n/a	373628	STATUS	61472
730.474609375	n/a	374004	STATUS	61480
731.482421875	n/a	374520	STATUS	61490
732.607421875	n/a	375096	STATUS	61501
733.298828125	n/a	375450	STATUS	61510
755.259765625	n/a	386694	STATUS	61694
756.759765625	n/a	387462	STATUS	61450
758.259765625	n/a	388230	STATUS	61463
758.625	n/a	388417	STATUS	61471
758.900390625	n/a	388558	STATUS	61472
759.634765625	n/a	388934	STATUS	61480
760.642578125	n/a	389450	STATUS	61490
761.80859375	n/a	390047	STATUS	61501
762.201171875	n/a	390248	STATUS	61510
762.451171875	n/a	390376	STATUS	61450
763.951171875	n/a	391144	STATUS	61468
764.318359375	n/a	391332	STATUS	61471
765.05078125	n/a	391707	STATUS	61472
765.326171875	n/a	391848	STATUS	61480
766.333984375	n/a	392364	STATUS	61490
767.576171875	n/a	393000	STATUS	61500
768.009765625	n/a	393222	STATUS	61511
768.259765625	n/a	393350	STATUS	61450
769.759765625	n/a	394118	STATUS	61463
770.126953125	n/a	394306	STATUS	61471
770.40234375	n/a	394447	STATUS	61472
771.134765625	n/a	394822	STATUS	61480
772.14453125	n/a	395339	STATUS	61490
773.185546875	n/a	395872	STATUS	61501
773.634765625	n/a	396102	STATUS	61510
773.884765625	n/a	396230	STATUS	61450
775.384765625	n/a	396998	STATUS	61468
775.751953125	n/a	397186	STATUS	61471
776.486328125	n/a	397562	STATUS	61472
776.759765625	n/a	397702	STATUS	61480
777.76953125	n/a	398219	STATUS	61490
778.935546875	n/a	398816	STATUS	61501
779.40234375	n/a	399055	STATUS	61511
779.65234375	n/a	399183	STATUS	61450
781.15234375	n/a	399951	STATUS	61463
781.51953125	n/a	400139	STATUS	61471
781.794921875	n/a	400280	STATUS	61472
782.52734375	n/a	400655	STATUS	61480
783.537109375	n/a	401172	STATUS	61490
784.5859375	n/a	401709	STATUS	61501
785.09375	n/a	401969	STATUS	61511
785.34375	n/a	402097	STATUS	61450
786.845703125	n/a	402866	STATUS	61468
787.2109375	n/a	403053	STATUS	61471
787.9453125	n/a	403429	STATUS	61472
788.220703125	n/a	403570	STATUS	61480
789.228515625	n/a	404086	STATUS	61490
790.3203125	n/a	404645	STATUS	61501
790.986328125	n/a	404986	STATUS	61510
791.236328125	n/a	405114	STATUS	61450
792.736328125	n/a	405882	STATUS	61463
793.103515625	n/a	406070	STATUS	61471
793.37890625	n/a	406211	STATUS	61472
794.111328125	n/a	406586	STATUS	61480
795.12109375	n/a	407103	STATUS	61490
796.220703125	n/a	407666	STATUS	61500
796.845703125	n/a	407986	STATUS	61511
797.095703125	n/a	408114	STATUS	61450
798.595703125	n/a	408882	STATUS	61463
798.962890625	n/a	409070	STATUS	61471
799.23828125	n/a	409211	STATUS	61472
799.970703125	n/a	409586	STATUS	61480
800.978515625	n/a	410102	STATUS	61490
802.345703125	n/a	410802	STATUS	61501
802.87109375	n/a	411071	STATUS	61510
803.12109375	n/a	411199	STATUS	61450
804.62109375	n/a	411967	STATUS	61463
804.98828125	n/a	412155	STATUS	61471
805.263671875	n/a	412296	STATUS	61472
805.99609375	n/a	412671	STATUS	61480
807.00390625	n/a	413187	STATUS	61490
808.072265625	n/a	413734	STATUS	61501
808.62109375	n/a	414015	STATUS	61510
808.87109375	n/a	414143	STATUS	61450
810.37109375	n/a	414911	STATUS	61463
810.73828125	n/a	415099	STATUS	61471
811.013671875	n/a	415240	STATUS	61472
811.74609375	n/a	415615	STATUS	61480
812.755859375	n/a	416132	STATUS	61490
813.888671875	n/a	416712	STATUS	61500
814.37109375	n/a	416959	STATUS	61510
814.62109375	n/a	417087	STATUS	61450
816.123046875	n/a	417856	STATUS	61468
816.48828125	n/a	418043	STATUS	61471
817.22265625	n/a	418419	STATUS	61472
817.498046875	n/a	418560	STATUS	61480
818.505859375	n/a	419076	STATUS	61490
819.373046875	n/a	419520	STATUS	61500
819.998046875	n/a	419840	STATUS	61511
820.248046875	n/a	419968	STATUS	61450
821.748046875	n/a	420736	STATUS	61468
822.11328125	n/a	420923	STATUS	61471
822.84765625	n/a	421299	STATUS	61472
823.123046875	n/a	421440	STATUS	61480
824.130859375	n/a	421956	STATUS	61490
825.08203125	n/a	422443	STATUS	61500
827.197265625	n/a	423526	STATUS	61511
827.447265625	n/a	423654	STATUS	61450
828.947265625	n/a	424422	STATUS	61463
829.314453125	n/a	424610	STATUS	61471
829.58984375	n/a	424751	STATUS	61472
830.322265625	n/a	425126	STATUS	61480
831.33203125	n/a	425643	STATUS	61490
832.70703125	n/a	426347	STATUS	61501
833.46484375	n/a	426735	STATUS	61510
833.71484375	n/a	426863	STATUS	61450
835.21484375	n/a	427631	STATUS	61463
835.58203125	n/a	427819	STATUS	61471
835.857421875	n/a	427960	STATUS	61472
836.58984375	n/a	428335	STATUS	61480
837.599609375	n/a	428852	STATUS	61490
838.623046875	n/a	429376	STATUS	61501
839.07421875	n/a	429607	STATUS	61510
839.32421875	n/a	429735	STATUS	61450
840.82421875	n/a	430503	STATUS	61463
841.19140625	n/a	430691	STATUS	61471
841.46484375	n/a	430831	STATUS	61472
842.19921875	n/a	431207	STATUS	61480
843.20703125	n/a	431723	STATUS	61490
844.640625	n/a	432457	STATUS	61501
845.158203125	n/a	432722	STATUS	61510
845.408203125	n/a	432850	STATUS	61450
846.908203125	n/a	433618	STATUS	61463
847.275390625	n/a	433806	STATUS	61471
847.548828125	n/a	433946	STATUS	61472
848.283203125	n/a	434322	STATUS	61480
849.291015625	n/a	434838	STATUS	61490
850.283203125	n/a	435346	STATUS	61501
850.7578125	n/a	435589	STATUS	61510
851.0078125	n/a	435717	STATUS	61450
852.5078125	n/a	436485	STATUS	61463
852.875	n/a	436673	STATUS	61471
853.150390625	n/a	436814	STATUS	61472
853.8828125	n/a	437189	STATUS	61480
854.892578125	n/a	437706	STATUS	61490
855.9921875	n/a	438269	STATUS	61501
856.55078125	n/a	438555	STATUS	61510
856.80078125	n/a	438683	STATUS	61450
858.30078125	n/a	439451	STATUS	61468
858.66796875	n/a	439639	STATUS	61471
859.400390625	n/a	440014	STATUS	61472
859.67578125	n/a	440155	STATUS	61480
860.68359375	n/a	440671	STATUS	61490
861.708984375	n/a	441196	STATUS	61501
862.2421875	n/a	441469	STATUS	61511
862.4921875	n/a	441597	STATUS	61450
863.9921875	n/a	442365	STATUS	61468
864.359375	n/a	442553	STATUS	61471
865.091796875	n/a	442928	STATUS	61472
865.3671875	n/a	443069	STATUS	61480
866.375	n/a	443585	STATUS	61490
867.501953125	n/a	444162	STATUS	61500
868.05078125	n/a	444443	STATUS	61511
868.30078125	n/a	444571	STATUS	61450
869.80078125	n/a	445339	STATUS	61463
870.16796875	n/a	445527	STATUS	61471
870.443359375	n/a	445668	STATUS	61472
871.17578125	n/a	446043	STATUS	61480
872.185546875	n/a	446560	STATUS	61490
873.3515625	n/a	447157	STATUS	61501
873.826171875	n/a	447400	STATUS	61511
874.076171875	n/a	447528	STATUS	61450
875.576171875	n/a	448296	STATUS	61468
875.943359375	n/a	448484	STATUS	61471
876.67578125	n/a	448859	STATUS	61472
876.951171875	n/a	449000	STATUS	61480
877.9609375	n/a	449517	STATUS	61490
879.28515625	n/a	450195	STATUS	61501
879.826171875	n/a	450472	STATUS	61511
880.076171875	n/a	450600	STATUS	61450
881.576171875	n/a	451368	STATUS	61468
881.943359375	n/a	451556	STATUS	61471
882.677734375	n/a	451932	STATUS	61472
882.953125	n/a	452073	STATUS	61480
883.9609375	n/a	452589	STATUS	61490
885.126953125	n/a	453186	STATUS	61500
885.6015625	n/a	453429	STATUS	61510
885.8515625	n/a	453557	STATUS	61450
887.353515625	n/a	454326	STATUS	61463
887.71875	n/a	454513	STATUS	61471
887.994140625	n/a	454654	STATUS	61472
888.728515625	n/a	455030	STATUS	61480
889.736328125	n/a	455546	STATUS	61490
890.744140625	n/a	456062	STATUS	61501
891.27734375	n/a	456335	STATUS	61510
891.52734375	n/a	456463	STATUS	61450
893.02734375	n/a	457231	STATUS	61463
893.39453125	n/a	457419	STATUS	61471
893.669921875	n/a	457560	STATUS	61472
894.40234375	n/a	457935	STATUS	61480
895.412109375	n/a	458452	STATUS	61490
897.13671875	n/a	459335	STATUS	61501
897.794921875	n/a	459672	STATUS	61510
898.044921875	n/a	459800	STATUS	61450
899.544921875	n/a	460568	STATUS	61463
899.912109375	n/a	460756	STATUS	61471
900.1875	n/a	460897	STATUS	61472
900.919921875	n/a	461272	STATUS	61480
901.927734375	n/a	461788	STATUS	61490
903.103515625	n/a	462390	STATUS	61500
903.736328125	n/a	462714	STATUS	61510
903.986328125	n/a	462842	STATUS	61450
905.48828125	n/a	463611	STATUS	61468
905.853515625	n/a	463798	STATUS	61471
906.587890625	n/a	464174	STATUS	61472
906.86328125	n/a	464315	STATUS	61480
907.87109375	n/a	464831	STATUS	61490
909.38671875	n/a	465607	STATUS	61501
910.212890625	n/a	466030	STATUS	61510
910.462890625	n/a	466158	STATUS	61450
911.962890625	n/a	466926	STATUS	61463
912.330078125	n/a	467114	STATUS	61471
912.60546875	n/a	467255	STATUS	61472
913.337890625	n/a	467630	STATUS	61480
914.345703125	n/a	468146	STATUS	61490
915.62890625	n/a	468803	STATUS	61501
916.12109375	n/a	469055	STATUS	61511
916.37109375	n/a	469183	STATUS	61450
917.87109375	n/a	469951	STATUS	61463
918.23828125	n/a	470139	STATUS	61471
918.513671875	n/a	470280	STATUS	61472
919.24609375	n/a	470655	STATUS	61480
920.255859375	n/a	471172	STATUS	61490
921.2890625	n/a	471701	STATUS	61501
921.86328125	n/a	471995	STATUS	61511
922.11328125	n/a	472123	STATUS	61450
923.61328125	n/a	472891	STATUS	61463
923.98046875	n/a	473079	STATUS	61471
924.255859375	n/a	473220	STATUS	61472
924.98828125	n/a	473595	STATUS	61480
925.998046875	n/a	474112	STATUS	61490
926.873046875	n/a	474560	STATUS	61501
927.40625	n/a	474833	STATUS	61510
927.65625	n/a	474961	STATUS	61450
929.15625	n/a	475729	STATUS	61463
929.5234375	n/a	475917	STATUS	61471
929.796875	n/a	476057	STATUS	61472
930.53125	n/a	476433	STATUS	61480
931.5390625	n/a	476949	STATUS	61490
932.630859375	n/a	477508	STATUS	61501
933.240234375	n/a	477820	STATUS	61511
933.490234375	n/a	477948	STATUS	61450
934.990234375	n/a	478716	STATUS	61463
935.35546875	n/a	478903	STATUS	61471
935.630859375	n/a	479044	STATUS	61472
936.365234375	n/a	479420	STATUS	61480
937.373046875	n/a	479936	STATUS	61490
938.615234375	n/a	480572	STATUS	61501
939.44921875	n/a	480999	STATUS	61510
939.69921875	n/a	481127	STATUS	61450
941.19921875	n/a	481895	STATUS	61463
941.564453125	n/a	482082	STATUS	61471
941.83984375	n/a	482223	STATUS	61472
942.57421875	n/a	482599	STATUS	61480
943.58203125	n/a	483115	STATUS	61490
944.8828125	n/a	483781	STATUS	61501
945.6484375	n/a	484173	STATUS	61510
945.8984375	n/a	484301	STATUS	61450
947.3984375	n/a	485069	STATUS	61463
947.765625	n/a	485257	STATUS	61471
948.041015625	n/a	485398	STATUS	61472
948.7734375	n/a	485773	STATUS	61480
949.783203125	n/a	486290	STATUS	61490
951.375	n/a	487105	STATUS	61501
952.115234375	n/a	487484	STATUS	61510
952.365234375	n/a	487612	STATUS	61450
953.865234375	n/a	488380	STATUS	61463
954.232421875	n/a	488568	STATUS	61471
954.5078125	n/a	488709	STATUS	61472
955.240234375	n/a	489084	STATUS	61480
956.25	n/a	489601	STATUS	61490
957.525390625	n/a	490254	STATUS	61501
958.232421875	n/a	490616	STATUS	61510
958.482421875	n/a	490744	STATUS	61450
959.982421875	n/a	491512	STATUS	61468
960.349609375	n/a	491700	STATUS	61471
961.083984375	n/a	492076	STATUS	61472
961.357421875	n/a	492216	STATUS	61480
962.3671875	n/a	492733	STATUS	61490
962.916015625	n/a	493014	STATUS	61500
963.849609375	n/a	493492	STATUS	61510
964.099609375	n/a	493620	STATUS	61450
965.599609375	n/a	494388	STATUS	61463
965.966796875	n/a	494576	STATUS	61471
966.2421875	n/a	494717	STATUS	61472
966.974609375	n/a	495092	STATUS	61480
967.984375	n/a	495609	STATUS	61490
969.43359375	n/a	496351	STATUS	61500
970.283203125	n/a	496786	STATUS	61510
970.533203125	n/a	496914	STATUS	61450
972.033203125	n/a	497682	STATUS	61463
972.400390625	n/a	497870	STATUS	61471
972.67578125	n/a	498011	STATUS	61472
973.41015625	n/a	498387	STATUS	61480
974.41796875	n/a	498903	STATUS	61490
975.30078125	n/a	499355	STATUS	61501
975.80859375	n/a	499615	STATUS	61510
976.05859375	n/a	499743	STATUS	61450
977.55859375	n/a	500511	STATUS	61468
977.92578125	n/a	500699	STATUS	61471
978.66015625	n/a	501075	STATUS	61472
978.935546875	n/a	501216	STATUS	61480
979.943359375	n/a	501732	STATUS	61490
981.05078125	n/a	502299	STATUS	61501
981.54296875	n/a	502551	STATUS	61510
981.79296875	n/a	502679	STATUS	61450
983.29296875	n/a	503447	STATUS	61468
983.66015625	n/a	503635	STATUS	61471
984.392578125	n/a	504010	STATUS	61472
984.66796875	n/a	504151	STATUS	61480
985.677734375	n/a	504668	STATUS	61490
986.185546875	n/a	504928	STATUS	61501
986.8359375	n/a	505261	STATUS	61511
1001.787109375	n/a	512916	STATUS	61694
1003.287109375	n/a	513684	STATUS	61450
1004.787109375	n/a	514452	STATUS	61468
1005.154296875	n/a	514640	STATUS	61471
1005.88671875	n/a	515015	STATUS	61472
1006.162109375	n/a	515156	STATUS	61480
1007.169921875	n/a	515672	STATUS	61490
1008.3125	n/a	516257	STATUS	61501
1009.12109375	n/a	516671	STATUS	61511
1009.37109375	n/a	516799	STATUS	61450
1010.87109375	n/a	517567	STATUS	61463
1011.236328125	n/a	517754	STATUS	61471
1011.51171875	n/a	517895	STATUS	61472
1012.24609375	n/a	518271	STATUS	61480
1013.25390625	n/a	518787	STATUS	61490
1014.845703125	n/a	519602	STATUS	61500
1015.5546875	n/a	519965	STATUS	61510
1015.8046875	n/a	520093	STATUS	61450
1017.3046875	n/a	520861	STATUS	61468
1017.671875	n/a	521049	STATUS	61471
1018.404296875	n/a	521424	STATUS	61472
1018.6796875	n/a	521565	STATUS	61480
1019.6875	n/a	522081	STATUS	61490
1020.8125	n/a	522657	STATUS	61501
1021.50390625	n/a	523011	STATUS	61510
1021.75390625	n/a	523139	STATUS	61450
1023.25390625	n/a	523907	STATUS	61463
1023.62109375	n/a	524095	STATUS	61471
1023.896484375	n/a	524236	STATUS	61472
1024.62890625	n/a	524611	STATUS	61480
1025.638671875	n/a	525128	STATUS	61490
1026.771484375	n/a	525708	STATUS	61501
1027.572265625	n/a	526118	STATUS	61510
1027.822265625	n/a	526246	STATUS	61450
1029.322265625	n/a	527014	STATUS	61463
1029.689453125	n/a	527202	STATUS	61471
1029.962890625	n/a	527342	STATUS	61472
1030.697265625	n/a	527718	STATUS	61480
1031.705078125	n/a	528234	STATUS	61490
1032.85546875	n/a	528823	STATUS	61500
1033.630859375	n/a	529220	STATUS	61510
1033.880859375	n/a	529348	STATUS	61450
1035.380859375	n/a	530116	STATUS	61463
1035.748046875	n/a	530304	STATUS	61471
1036.021484375	n/a	530444	STATUS	61472
1036.755859375	n/a	530820	STATUS	61480
1037.763671875	n/a	531336	STATUS	61490
1038.990234375	n/a	531964	STATUS	61501
1039.763671875	n/a	532360	STATUS	61510
1040.013671875	n/a	532488	STATUS	61450
1041.513671875	n/a	533256	STATUS	61468
1041.880859375	n/a	533444	STATUS	61471
1042.615234375	n/a	533820	STATUS	61472
1042.888671875	n/a	533960	STATUS	61480
1043.8984375	n/a	534477	STATUS	61490
1044.990234375	n/a	535036	STATUS	61501
1045.798828125	n/a	535450	STATUS	61510
1046.048828125	n/a	535578	STATUS	61450
1047.548828125	n/a	536346	STATUS	61463
1047.9140625	n/a	536533	STATUS	61471
1048.189453125	n/a	536674	STATUS	61472
1048.923828125	n/a	537050	STATUS	61480
1049.931640625	n/a	537566	STATUS	61490
1051.69921875	n/a	538471	STATUS	61501
1052.373046875	n/a	538816	STATUS	61510
1052.623046875	n/a	538944	STATUS	61450
1054.123046875	n/a	539712	STATUS	61463
1054.490234375	n/a	539900	STATUS	61471
1054.765625	n/a	540041	STATUS	61472
1055.498046875	n/a	540416	STATUS	61480
1056.5078125	n/a	540933	STATUS	61490
1057.69140625	n/a	541539	STATUS	61501
1058.3984375	n/a	541901	STATUS	61510
1058.6484375	n/a	542029	STATUS	61450
1060.1484375	n/a	542797	STATUS	61468
1060.515625	n/a	542985	STATUS	61471
1061.25	n/a	543361	STATUS	61472
1061.5234375	n/a	543501	STATUS	61480
1062.533203125	n/a	544018	STATUS	61490
1063.666015625	n/a	544598	STATUS	61501
1064.265625	n/a	544905	STATUS	61511
1064.515625	n/a	545033	STATUS	61450
1066.015625	n/a	545801	STATUS	61468
1066.3828125	n/a	545989	STATUS	61471
1067.1171875	n/a	546365	STATUS	61472
1067.390625	n/a	546505	STATUS	61480
1068.400390625	n/a	547022	STATUS	61490
1069.517578125	n/a	547594	STATUS	61501
1070.06640625	n/a	547875	STATUS	61511
1070.31640625	n/a	548003	STATUS	61450
1071.81640625	n/a	548771	STATUS	61463
1072.18359375	n/a	548959	STATUS	61471
1072.458984375	n/a	549100	STATUS	61472
1073.19140625	n/a	549475	STATUS	61480
1074.201171875	n/a	549992	STATUS	61490
1075.44140625	n/a	550627	STATUS	61501
1075.974609375	n/a	550900	STATUS	61510
1076.224609375	n/a	551028	STATUS	61450
1077.7265625	n/a	551797	STATUS	61463
1078.091796875	n/a	551984	STATUS	61471
1078.3671875	n/a	552125	STATUS	61472
1079.1015625	n/a	552501	STATUS	61480
1080.109375	n/a	553017	STATUS	61490
1081.16796875	n/a	553559	STATUS	61501
1081.826171875	n/a	553896	STATUS	61510
1082.076171875	n/a	554024	STATUS	61450
1083.576171875	n/a	554792	STATUS	61468
1083.943359375	n/a	554980	STATUS	61471
1084.67578125	n/a	555355	STATUS	61472
1084.951171875	n/a	555496	STATUS	61480
1085.958984375	n/a	556012	STATUS	61490
1087.326171875	n/a	556712	STATUS	61500
1087.8515625	n/a	556981	STATUS	61510
1088.1015625	n/a	557109	STATUS	61450
1089.6015625	n/a	557877	STATUS	61463
1089.96875	n/a	558065	STATUS	61471
1090.244140625	n/a	558206	STATUS	61472
1090.9765625	n/a	558581	STATUS	61480
1091.984375	n/a	559097	STATUS	61490
1092.91015625	n/a	559571	STATUS	61501
1093.4765625	n/a	559861	STATUS	61510
1093.7265625	n/a	559989	STATUS	61450
1095.2265625	n/a	560757	STATUS	61463
1095.59375	n/a	560945	STATUS	61471
1095.869140625	n/a	561086	STATUS	61472
1096.6015625	n/a	561461	STATUS	61480
1097.611328125	n/a	561978	STATUS	61490
1098.8359375	n/a	562605	STATUS	61500
1099.302734375	n/a	562844	STATUS	61510
1099.552734375	n/a	562972	STATUS	61450
1101.052734375	n/a	563740	STATUS	61463
1101.419921875	n/a	563928	STATUS	61471
1101.693359375	n/a	564068	STATUS	61472
1102.427734375	n/a	564444	STATUS	61480
1103.435546875	n/a	564960	STATUS	61490
1104.560546875	n/a	565536	STATUS	61500
1105.14453125	n/a	565835	STATUS	61510
1105.39453125	n/a	565963	STATUS	61450
1106.89453125	n/a	566731	STATUS	61463
1107.26171875	n/a	566919	STATUS	61471
1107.537109375	n/a	567060	STATUS	61472
1108.26953125	n/a	567435	STATUS	61480
1109.27734375	n/a	567951	STATUS	61490
1110.50390625	n/a	568579	STATUS	61501
1111.27734375	n/a	568975	STATUS	61511
1111.52734375	n/a	569103	STATUS	61450
1113.029296875	n/a	569872	STATUS	61468
1113.39453125	n/a	570059	STATUS	61471
1114.12890625	n/a	570435	STATUS	61472
1114.404296875	n/a	570576	STATUS	61480
1115.412109375	n/a	571092	STATUS	61490
1116.544921875	n/a	571672	STATUS	61501
1117.169921875	n/a	571992	STATUS	61511
1117.419921875	n/a	572120	STATUS	61450
1118.919921875	n/a	572888	STATUS	61463
1119.287109375	n/a	573076	STATUS	61471
1119.5625	n/a	573217	STATUS	61472
1120.294921875	n/a	573592	STATUS	61480
1121.3046875	n/a	574109	STATUS	61490
1122.345703125	n/a	574642	STATUS	61500
1122.8046875	n/a	574877	STATUS	61510
1123.0546875	n/a	575005	STATUS	61450
1124.5546875	n/a	575773	STATUS	61468
1124.921875	n/a	575961	STATUS	61471
1125.654296875	n/a	576336	STATUS	61472
1125.9296875	n/a	576477	STATUS	61480
1126.9375	n/a	576993	STATUS	61490
1128.6875	n/a	577889	STATUS	61500
1129.1796875	n/a	578141	STATUS	61510
1129.4296875	n/a	578269	STATUS	61450
1130.9296875	n/a	579037	STATUS	61463
1131.296875	n/a	579225	STATUS	61471
1131.572265625	n/a	579366	STATUS	61472
1132.3046875	n/a	579741	STATUS	61480
1133.3125	n/a	580257	STATUS	61490
1134.48046875	n/a	580855	STATUS	61501
1135.0625	n/a	581153	STATUS	61510
1135.3125	n/a	581281	STATUS	61450
1136.814453125	n/a	582050	STATUS	61463
1137.1796875	n/a	582237	STATUS	61471
1137.455078125	n/a	582378	STATUS	61472
1138.189453125	n/a	582754	STATUS	61480
1139.197265625	n/a	583270	STATUS	61490
1140.248046875	n/a	583808	STATUS	61500
1140.880859375	n/a	584132	STATUS	61511
1141.130859375	n/a	584260	STATUS	61450
1142.630859375	n/a	585028	STATUS	61463
1142.998046875	n/a	585216	STATUS	61471
1143.271484375	n/a	585356	STATUS	61472
1144.005859375	n/a	585732	STATUS	61480
1145.013671875	n/a	586248	STATUS	61490
1147.388671875	n/a	587464	STATUS	61500
1149.921875	n/a	588761	STATUS	61510
1150.173828125	n/a	588890	STATUS	61450
1151.673828125	n/a	589658	STATUS	61463
1152.0390625	n/a	589845	STATUS	61471
1152.314453125	n/a	589986	STATUS	61472
1153.048828125	n/a	590362	STATUS	61480
1154.056640625	n/a	590878	STATUS	61490
1155.498046875	n/a	591616	STATUS	61501
1156.28125	n/a	592017	STATUS	61511
1156.53125	n/a	592145	STATUS	61450
1158.03125	n/a	592913	STATUS	61463
1158.3984375	n/a	593101	STATUS	61471
1158.673828125	n/a	593242	STATUS	61472
1159.40625	n/a	593617	STATUS	61480
1160.416015625	n/a	594134	STATUS	61490
1161.5234375	n/a	594701	STATUS	61501
1162.232421875	n/a	595064	STATUS	61511
1162.482421875	n/a	595192	STATUS	61450
1163.982421875	n/a	595960	STATUS	61468
1164.349609375	n/a	596148	STATUS	61471
1165.08203125	n/a	596523	STATUS	61472
1165.357421875	n/a	596664	STATUS	61480
1166.365234375	n/a	597180	STATUS	61490
1167.44140625	n/a	597731	STATUS	61501
1167.982421875	n/a	598008	STATUS	61511
